82 02 0D 16 00 58 00 01 00 00 00 00 00 00 00 00 00
82 02 0D 15 00 58 00 02 00 00 00 00 00 00 00 00 00
82 02 0D B3 00 A8 10 04 00 00 00 00 00 00 00 00 00
82 02 0D AF 00 A8 14 04 00 00 00 00 00 00 00 00 00
82 02 0D AB 00 A8 18 04 00 00 00 00 00 00 00 00 00
82 02 0D 93 20 A8 10 04 00 00 00 00 00 00 00 00 00
82 02 0D 73 40 A8 10 04 00 00 00 00 00 00 00 00 00
82 02 0D 33 40 A8 10 04 40 00 00 00 00 00 00 00 00
82 02 0D 97 00 A8 10 20 00 00 00 00 00 00 00 00 00
82 02 0D 77 20 A8 10 20 00 00 00 00 00 00 00 00 00
82 02 0D 57 40 A8 10 20 00 00 00 00 00 00 00 00 00
82 02 0D 95 00 A8 10 22 00 00 00 00 00 00 00 00 00
82 02 0D 60 00 28 00 22 00 00 00 39 04 00 00 81 07
82 02 0D 8D 00 A8 18 22 00 00 00 00 00 00 00 00 00
82 02 0D 80 60 A8 00 22 00 00 00 39 04 00 00 81 07
82 02 0D C0 20 A8 00 22 00 00 00 39 04 00 00 81 07
82 02 0D 00 40 48 00 22 00 00 00 39 04 00 00 81 07
82 02 0D 15 40 A8 10 22 40 00 00 00 00 00 00 00 00
82 02 0D 10 00 58 00 06 01 00 00 00 00 00 00 00 00
82 02 0D 10 00 58 00 06 03 00 00 00 00 00 00 00 00
82 02 0D 09 00 58 00 0E 00 00 00 00 00 00 00 00 00
82 02 0D 08 00 58 00 0E 01 00 00 00 00 00 00 00 00
82 02 0D 06 00 58 00 11 00 00 00 00 00 00 00 00 00
82 02 0D C7 00 98 10 00 00 00 00 00 00 00 00 00 00
82 02 0D B3 00 A8 10 04 00 00 00 00 00 00 00 00 00
82 02 0D 72 40 A8 10 05 00 00 00 00 00 00 00 00 00
82 02 0D 92 20 A8 10 05 00 00 00 00 00 00 00 00 00
82 02 0D A3 00 A8 10 14 00 00 00 00 00 00 00 00 00
82 02 0D A7 00 A8 10 10 00 00 00 00 00 00 00 00 00
82 02 0D A7 00 A8 10 10 00 00 00 00 00 00 00 00 00
82 02 0D 07 00 68 00 00 00 00 00 00 00 00 00 00 00
82 02 0D B3 00 A8 10 04 00 00 00 00 00 00 00 00 00
82 02 0D A4 00 A8 10 13 00 00 00 00 00 00 00 00 00
82 02 0D B2 00 A8 10 05 00 00 00 00 00 00 00 00 00
82 02 0D 97 00 A8 10 20 00 00 00 00 00 00 00 00 00
82 02 0D A3 00 A8 10 14 00 00 00 00 00 00 00 00 00
82 02 0D 97 00 A8 10 20 00 00 00 00 00 00 00 00 00
82 02 0D B3 00 A8 10 04 00 00 00 00 00 00 00 00 00
82 02 0D 97 00 A8 10 20 00 00 00 00 00 00 00 00 00
82 02 0D D5 40 58 00 02 00 00 00 00 00 00 00 00 00
82 02 0D F5 20 58 00 02 00 00 00 00 00 00 00 00 00
82 02 0D 87 20 A8 10 10 00 00 00 00 00 00 00 00 00
82 02 0D 67 40 A8 10 10 00 00 00 00 00 00 00 00 00
82 02 0D A7 40 68 00 20 00 00 00 00 00 00 00 00 00
82 02 0D 72 40 A8 10 05 00 00 00 00 00 00 00 00 00
82 02 0D 63 40 A8 10 14 00 00 00 00 00 00 00 00 00
82 02 0D 57 40 A8 10 20 00 00 00 00 00 00 00 00 00
82 02 0D 73 40 A8 10 04 00 00 00 00 00 00 00 00 00
82 02 0D 64 40 A8 10 13 00 00 00 00 00 00 00 00 00
82 02 0D 53 60 A8 10 04 00 00 00 00 00 00 00 00 00
82 02 0D D6 40 58 00 01 00 00 00 00 00 00 00 00 00
82 02 0D F6 20 58 00 01 00 00 00 00 00 00 00 00 00
